[gd_scene load_steps=5 format=2]

[sub_resource type="QuadMesh" id=1]
size = Vector2( 16, 16 )

[sub_resource type="ViewportTexture" id=2]
viewport_path = NodePath("Viewport")

[sub_resource type="SpatialMaterial" id=3]
resource_local_to_scene = true
flags_transparent = true
flags_unshaded = true
albedo_texture = SubResource( 2 )

[sub_resource type="PrismMesh" id=4]
size = Vector3( 1, 1, 1 )

[node name="screen" type="Position3D"]

[node name="Viewport" type="Viewport" parent="."]
size = Vector2( 512, 512 )
transparent_bg = true
render_target_v_flip = true

[node name="Camera" type="Camera" parent="Viewport"]
transform = Transform( -0.999748, 0, 0.0224604, 0.0136795, 0.79313, 0.608899, -0.017814, 0.609052, -0.79293, 0, 0, 7.95784 )
current = true

[node name="MeshInstance" type="MeshInstance" parent="."]
mesh = SubResource( 1 )
material/0 = SubResource( 3 )

[node name="MeshInstance2" type="MeshInstance" parent="."]
transform = Transform( 1, 0, 0, 0, -0.707107, -0.707107, 0, 0.707107, -0.707107, 0, 0.552092, 7.44554 )
mesh = SubResource( 4 )

[node name="MeshInstance3" type="MeshInstance" parent="."]
transform = Transform( 1, 0, 0, 0, -0.707107, -0.707107, 0, 0.707107, -0.707107, 0, -11.226, 22.7131 )
mesh = SubResource( 4 )
